              precision    recall  f1-score   support

      DP-135     0.8889    1.0000    0.9412         8
       P-102     1.0000    0.9831    0.9915        59
      P-103a     1.0000    0.8235    0.9032        17
      P-103b     1.0000    1.0000    1.0000         3
      P-103c     1.0000    1.0000    1.0000        29
       P-104     0.7647    1.0000    0.8667        13
      P-106a     0.9130    0.9130    0.9130        23
      P-106b     0.8085    0.9268    0.8636        41
      P-107a     0.8571    1.0000    0.9231         6
       P-112     0.5000    1.0000    0.6667         2
       P-115     0.7500    1.0000    0.8571         3
       P-117     0.9167    0.8250    0.8684        40
      P-123a     1.0000    1.0000    1.0000         4
      P-123b     1.0000    0.9677    0.9836        31
      P-124a     0.8889    1.0000    0.9412        16
      P-124b     1.0000    1.0000    1.0000         5
      P-124c     1.0000    1.0000    1.0000         2
       P-127     1.0000    0.9218    0.9593       409
       P-128     0.0000    0.0000    0.0000         0
       P-130     0.9593    0.9440    0.9516       250
      P-131a     0.9303    0.9492    0.9397       197
       P-137     1.0000    1.0000    1.0000         3
      P-245a     1.0000    1.0000    1.0000         1
      R-301c     1.0000    1.0000    1.0000        12
      R-301d     0.7500    1.0000    0.8571         3
      R-301e     1.0000    1.0000    1.0000         4
      R-302a     0.8824    1.0000    0.9375        45
      R-302b     1.0000    1.0000    1.0000        11
       R-303     0.4545    1.0000    0.6250         5
      R-407a     0.8462    1.0000    0.9167        11
       R-409     1.0000    1.0000    1.0000         6
       R-425     1.0000    1.0000    1.0000         1
       R-434     0.8780    1.0000    0.9351        36
      S-509a     0.3864    1.0000    0.5574        17
      W-201a     0.9118    0.9688    0.9394        32
      W-201b     0.9615    0.9259    0.9434        27
      W-202a     0.8667    1.0000    0.9286        13
      W-202b     1.0000    0.6250    0.7692         8
      W-203b     1.0000    1.0000    1.0000        12
      W-203c     0.5714    1.0000    0.7273         4
      W-205a     0.4828    1.0000    0.6512        14
      W-205b     0.0000    0.0000    0.0000         0
      W-205d     0.8000    0.5000    0.6154         8
      W-207a     0.3721    0.8889    0.5246        18
      W-207b     1.0000    0.4127    0.5843        63
      W-207c     0.4815    0.7647    0.5909        17
       W-208     1.0000    1.0000    1.0000         3
       W-209     0.8333    1.0000    0.9091        10
       W-210     0.7000    1.0000    0.8235         7
       W-219     0.0000    0.0000    0.0000         0
       W-224     0.8654    0.6429    0.7377        70
       W-225     0.7727    0.7727    0.7727        22
       W-227     0.8000    1.0000    0.8889         8
       W-233     0.8750    0.8750    0.8750         8
       W-235     1.0000    1.0000    1.0000         1
      W-245a     0.9310    0.5000    0.6506        54

    accuracy                         0.8925      1712
   macro avg     0.8143    0.8773    0.8273      1712
weighted avg     0.9232    0.8925    0.8949      1712
